76561198386682679
76561198945226854
76561198204061305
76561198843443133
76561198333444516
76561197962977701
76561198981807730
76561198945226854
76561197993321292
76561198057915685
76561198932629249
// FDG group
76561198829466711
76561198067019687
76561198069249076
76561198069268534
76561198104356023
76561198068738174
76561198068738174
76561198090998026
76561198356573542
76561198151359924
76561198058209902
76561198082465786
76561198210758215
76561198054824059
76561198448242964
76561198395757940
76561198070632334
76561198066287297
76561198119198379
76561198202310204
76561198107053117
76561198041428643
76561198120814242
76561198110919822
76561198091123455
76561198000105456
76561198083260168
76561198160280279
76561198239803164
76561198266077194
76561198303914568
76561198333444516
76561198310557508
76561198295385223
76561198324680798
76561198340234955
76561198340921530
76561198372043014
76561198824483884
76561198828075792
76561198832203971
76561198867333817
76561198905984772